156
2
14 20
13 44
22 77
7 109
3 138
19 177
8 194
22 212
24 233
22 258
21 305
8 325
13 354
5 375
24 409
23 451
4 492
8 535
1 572
22 595
1 614
17 658
19 692
16 716
5 749
22 788
16 823
22 871
10 905
19 931
12 960
4 1009
19 1042
3 1071
21 1107
11 1150
20 1181
23 1200
4 1226
6 1267
14 1310
11 1352
9 1402
25 1450
22 1498
1 1545
12 1575
23 1621
7 1666
15 1701
18 1730
9 1780
4 1820
0 1841
3 1867
5 1908
12 1948
9 1977
15 2015
0 2054
9 2085
17 2108
20 2156
11 2200
5 2220
13 2268
7 2317
4 2361
10 2380
0 2402
20 2426
4 2475
14 2507
6 2526
12 2560
16 2599
22 2629
11 2656
9 2704
22 2747
16 2783
19 2800
17 2827
22 2861
11 2902
7 2920
13 2945
14 2978
14 3017
8 3036
19 3069
20 3105
23 3144
1 3171
24 3192
16 3216
18 3245
0 3294
16 3312
21 3352
8 3390
8 3419
22 3469
1 3493
8 3536
6 3581
2 3630
1 3660
5 3697
22 3740
8 3766
20 3804
19 3846
15 3863
16 3910
18 3932
15 3984
16 4017
7 4065
22 4116
17 4141
16 4180
1 4199
12 4243
18 4291
9 4328
8 4352
14 4400
8 4426
17 4476
4 4520
13 4543
8 4563
14 4602
14 4620
14 4655
8 4691
10 4710
18 4756
18 4797
17 4820
8 4856
24 4882
14 4924
17 4974
22 4997
21 5027
8 5046
9 5069
16 5108
17 5140
10 5160
15 5190
21 5212
18 5251
0 5272
